country	lookback	lookahead	num_layers	train_rmse	test_rmse
US	1	1	5	1029.7998905154368	49741.99541838876
US	1	2	5	1147.0979378338843	151396.79473395782
US	1	3	5	2034.7122536862605	207777.16763843436
US	1	4	5	1384.5010318337345	311274.76922730776
US	1	5	5	1364.930115803631	321476.8959369504
US	2	1	5	900.3211904096559	77087.40311811239
US	2	2	5	1056.4986707170606	178362.51254967798
US	2	3	5	868.694281038408	313526.35930638853
US	2	4	5	684.4776520980743	422642.91564053117
US	2	5	5	688.648823653659	496692.3121040678
US	3	1	5	988.9512492636907	148230.5765418934
US	3	2	5	865.8851732865209	236267.38333454475
US	3	3	5	751.2048237666593	314524.3411543802
US	3	4	5	675.1723842936802	329713.4550468687
US	3	5	5	650.389236367815	491466.9739097968
US	4	1	5	1061.3702930176992	169291.33327617857
US	4	2	5	859.824730914412	233408.184793652
US	4	3	5	783.1807239920589	368608.90332938527
US	4	4	5	712.2230516842017	397889.55366350897
US	4	5	5	593.7312977723535	502348.98615095636
US	5	1	5	1267.2270097988524	184094.98363259103
US	5	2	5	769.0771171352116	335765.95562720264
US	5	3	5	1070.9401264879511	335331.40354214696
US	5	4	5	1224.4565468699107	438689.5887347633
US	5	5	5	800.7532902919877	465599.4892114707
India	1	1	5	13.983936705048189	555.6354927394948
India	1	2	5	17.11295196262993	639.4782054301528
India	1	3	5	20.387649357737565	467.3014443831106
India	1	4	5	22.318493534752246	529.251094992435
India	1	5	5	22.565302457217644	449.6704124826965
India	2	1	5	11.470026713029597	953.2749784460802
India	2	2	5	17.211190984217208	734.8580218543188
India	2	3	5	23.25501622245985	537.4766662228616
India	2	4	5	32.88188349767138	618.0659575324058
India	2	5	5	22.01900663451793	511.25433474496236
India	3	1	5	12.375685669572965	1004.321213031396
India	3	2	5	17.76645798497475	918.6123000370001
India	3	3	5	20.082903844732595	934.72713891291
India	3	4	5	20.764472251781743	759.4391219876761
India	3	5	5	19.92774940511191	849.6947729689056
India	4	1	5	14.051188421116082	848.8750619764518
India	4	2	5	18.62543890563685	1172.5835932765617
India	4	3	5	20.7090037372537	1055.272368334628
India	4	4	5	21.60195119329147	1022.0863771576666
India	4	5	5	19.663360512007333	826.1499439060514
India	5	1	5	13.463959906383632	1144.8612621041132
India	5	2	5	17.76570922554137	944.7258372316675
India	5	3	5	27.631022290478878	1029.7583616109373
India	5	4	5	21.40509705966078	974.6116620968573
India	5	5	5	18.33527288902089	1266.8199364025777
Italy	1	1	5	1014.7389813393228	8207.4400439778
Italy	1	2	5	1378.851590174101	22312.214008599603
Italy	1	3	5	1646.967682330044	38106.012772515205
Italy	1	4	5	2102.945464954837	36195.627890644704
Italy	1	5	5	2204.5675539618587	59540.99942568153
Italy	2	1	5	896.558192817281	4576.304797949714
Italy	2	2	5	1106.091069167351	3770.194062898848
Italy	2	3	5	1533.1718290057133	26164.56977766335
Italy	2	4	5	1426.673809077313	7820.480947501663
Italy	2	5	5	2055.89058329914	25254.098775886807
Italy	3	1	5	869.4108380039742	8478.557644216742
Italy	3	2	5	915.3859891791561	12778.03193890074
Italy	3	3	5	1195.1235666065184	4708.216046796825
Italy	3	4	5	1607.246868919541	22197.186898647593
Italy	3	5	5	2215.725272279572	35118.63758006828
Italy	4	1	5	686.0190330916922	18658.817177378325
Italy	4	2	5	882.8713978618307	7858.711598132856
Italy	4	3	5	990.5878022611732	13756.873267048768
Italy	4	4	5	1306.2888358176665	12894.365207245333
Italy	4	5	5	2101.347867315618	25975.437069106334
Italy	5	1	5	728.8080442430844	28389.329655295063
Italy	5	2	5	871.3759035505082	32112.05038603659
Italy	5	3	5	831.875866316746	34871.33426502747
Italy	5	4	5	1487.5846454249784	3597.7445820623216
Italy	5	5	5	1920.414262813487	11131.456878098128
Spain	1	1	5	616.9159193590268	14546.395215608987
Spain	1	2	5	1011.9444260116305	26200.950590502413
Spain	1	3	5	1085.01112962338	32618.138491269896
Spain	1	4	5	1281.1048250236881	61870.4227644627
Spain	1	5	5	1815.921332715055	76590.15454285487
Spain	2	1	5	635.4667161988385	6142.741871427375
Spain	2	2	5	877.0454819206287	23746.510833837878
Spain	2	3	5	1183.9729270730072	33448.90577047546
Spain	2	4	5	2036.7424737191016	85911.44497865681
Spain	2	5	5	1749.9346409086477	75028.95884623771
Spain	3	1	5	648.1694058533154	10845.859446314309
Spain	3	2	5	855.3102721137807	23082.938602957947
Spain	3	3	5	1242.0698003222253	37150.0724988557
Spain	3	4	5	1413.8605386940199	42719.4955708004
Spain	3	5	5	1885.587249059936	93745.59106215466
Spain	4	1	5	753.3264228445366	11603.984108021674
Spain	4	2	5	1136.6131376368467	15402.003435482737
Spain	4	3	5	1101.64744719023	20095.14974370904
Spain	4	4	5	1546.697483609634	43077.940277241454
Spain	4	5	5	1857.714023787417	53636.88541457065
Spain	5	1	5	782.379523663322	19244.18448552072
Spain	5	2	5	1115.1835846450322	5676.180910045332
Spain	5	3	5	1280.3036352240492	25695.795606797084
Spain	5	4	5	1770.7501969567313	61406.645788604415
Spain	5	5	5	2266.68976799994	61881.015988572406
Germany	1	1	5	766.7725142210492	4412.295905079811
Germany	1	2	5	1036.2573175393575	14081.209068004084
Germany	1	3	5	1113.5722711849703	32456.339516927303
Germany	1	4	5	1206.5335551052567	54385.96153528593
Germany	1	5	5	1233.0041874715043	84399.425029443
Germany	2	1	5	903.9571015169058	14084.544885889265
Germany	2	2	5	1206.4723644653284	10412.637940966913
Germany	2	3	5	1160.2518202400565	34456.95873325095
Germany	2	4	5	1231.9658399646457	51417.64764483746
Germany	2	5	5	1269.6242119899541	77133.04460060823
Germany	3	1	5	872.3576371608256	3349.7162578886205
Germany	3	2	5	1108.757988076207	17115.217185493144
Germany	3	3	5	1240.8601577075628	41287.98947745579
Germany	3	4	5	1267.1885451079527	59810.60791271425
Germany	3	5	5	1317.99366343697	108098.617720395
Germany	4	1	5	809.8664376446961	9058.052111726418
Germany	4	2	5	1436.0482167848993	26667.074308932213
Germany	4	3	5	1099.9634846114866	23032.84460278196
Germany	4	4	5	1338.8415034821298	56379.37276777378
Germany	4	5	5	1286.6320961274516	64312.64143820468
Germany	5	1	5	939.3100574616138	9975.63067960437
Germany	5	2	5	1051.129576566248	11766.17811023295
Germany	5	3	5	1129.345252104307	14546.652888420938
Germany	5	4	5	1380.0099391580532	86377.89274329948
Germany	5	5	5	1491.673381864493	113511.58163215166
Iran	1	1	5	437.97599407038746	5740.90006410459
Iran	1	2	5	848.2949691262701	1034.9597690409437
Iran	1	3	5	983.7458280744136	4482.666889149939
Iran	1	4	5	1338.729652086714	1763.6318701420864
Iran	1	5	5	1460.2100547836342	3542.7939695741957
Iran	2	1	5	390.68768999026116	15177.170616805835
Iran	2	2	5	728.5246767664696	9714.070153189376
Iran	2	3	5	1116.1493561297502	5448.532139651945
Iran	2	4	5	1122.156743238064	13641.967014606342
Iran	2	5	5	1466.5853204208654	7173.465033084102
Iran	3	1	5	469.3733666809366	13787.028577337836
Iran	3	2	5	687.0524129072223	18001.38838443056
Iran	3	3	5	942.304550124183	20308.68798879575
Iran	3	4	5	1029.246289807317	21586.681497071007
Iran	3	5	5	1238.9042391807543	24266.223303285406
Iran	4	1	5	480.564456583211	21383.45983132916
Iran	4	2	5	704.5451518639184	19756.169946434835
Iran	4	3	5	792.653110851171	24680.587000976775
Iran	4	4	5	1026.420459205074	18306.73232656473
Iran	4	5	5	1251.7447336439868	30390.015343955667
Iran	5	1	5	435.8709047320357	21490.14836277697
Iran	5	2	5	603.5890078206478	24277.803718001313
Iran	5	3	5	797.1667380322178	28267.065888428067
Iran	5	4	5	938.1031917735263	30270.08083443107
Iran	5	5	5	1529.3187986193523	18010.426893591404
Korea, South	1	1	5	204.04096904623813	675.8918581157648
Korea, South	1	2	5	316.58434667916123	840.6005863777951
Korea, South	1	3	5	577.1661108549533	346.1027809498947
Korea, South	1	4	5	612.4759715594976	928.4673007197126
Korea, South	1	5	5	845.8883708919666	664.5376871411191
Korea, South	2	1	5	205.1968185975594	952.0395325290647
Korea, South	2	2	5	282.42726713964413	1385.2391293124804
Korea, South	2	3	5	380.3281678588156	1063.4412745964758
Korea, South	2	4	5	461.7541068096086	1344.926717875124
Korea, South	2	5	5	610.3859182088461	1751.8001529753708
Korea, South	3	1	5	200.52843340747324	1074.2787441413634
Korea, South	3	2	5	236.58202012903817	1185.3687776804081
Korea, South	3	3	5	396.179223905088	1645.402999961406
Korea, South	3	4	5	394.7542919781489	1561.4781425215856
Korea, South	3	5	5	472.37447883421225	1336.908598050735
Korea, South	4	1	5	176.42084438442052	1097.4346751723772
Korea, South	4	2	5	298.2913129453261	1431.8407006999403
Korea, South	4	3	5	248.20523495793665	1130.6128705018527
Korea, South	4	4	5	402.80391091377226	1628.6953946262392
Korea, South	4	5	5	601.1122793831538	1944.4340063245852
Korea, South	5	1	5	248.7767629073775	1300.0549835544198
Korea, South	5	2	5	191.81152347269602	1199.340935852582
Korea, South	5	3	5	275.2724752538555	1441.879272060407
Korea, South	5	4	5	526.1443274872129	1618.903751148143
Korea, South	5	5	5	610.686904400137	2012.7204733928895
Japan	1	1	5	25.94691089734345	306.03829535290816
Japan	1	2	5	31.699678669158864	341.21712566960906
Japan	1	3	5	38.58926830885029	567.8891198959589
Japan	1	4	5	48.06565870185681	437.80531242500297
Japan	1	5	5	57.83762656967181	472.30273636050595
Japan	2	1	5	27.357569534900797	441.4631862876582
Japan	2	2	5	25.049031918159542	746.0759051015626
Japan	2	3	5	34.92033581714026	767.4366418277503
Japan	2	4	5	43.32032975717039	678.6810670729425
Japan	2	5	5	44.72404483960592	792.4842933763983
Japan	3	1	5	22.970969837207946	629.0799180755339
Japan	3	2	5	31.1362058935609	893.8497218617753
Japan	3	3	5	39.50119702274952	735.2108095754751
Japan	3	4	5	32.37644350199067	1031.7024927315122
Japan	3	5	5	42.32647174096127	1042.8327052636669
Japan	4	1	5	23.87824402143713	880.0089736489623
Japan	4	2	5	26.817513760846765	948.3711095447213
Japan	4	3	5	28.000756864166775	1079.466097305852
Japan	4	4	5	27.22816270345432	1220.706972613552
Japan	4	5	5	31.2147028087508	1334.2183748963848
Japan	5	1	5	22.22492107280804	1020.9490684062905
Japan	5	2	5	24.420812105815585	1119.0214565817507
Japan	5	3	5	22.52487367580661	1312.4849658802525
Japan	5	4	5	26.746375015225233	1422.9066992183675
Japan	5	5	5	27.802062846093502	1432.4017458634585
China, Hubei	1	1	5	2624.168299601172	619.4794059329172
China, Hubei	1	2	5	3537.0876053117395	681.4810449964823
China, Hubei	1	3	5	3529.661385693477	449.93567585650203
China, Hubei	1	4	5	4035.3592736401656	957.5506406508259
China, Hubei	1	5	5	3668.1633791815752	1136.0676328412253
China, Hubei	2	1	5	2541.1026040311685	392.2830984932423
China, Hubei	2	2	5	2842.0246605245434	214.76894557102395
China, Hubei	2	3	5	2906.9900491221374	151.66763381370177
China, Hubei	2	4	5	4322.537682249386	1714.4142327448137
China, Hubei	2	5	5	3148.306210111349	479.3320577831743
China, Hubei	3	1	5	2438.863434512989	240.14771229029378
China, Hubei	3	2	5	2730.9356480709143	282.3802298638065
China, Hubei	3	3	5	2908.093690007822	1252.048080456514
China, Hubei	3	4	5	2880.4917008643956	1215.658709157521
China, Hubei	3	5	5	2673.818985252857	822.2919650744552
China, Hubei	4	1	5	2442.574688495428	1150.4585522767552
China, Hubei	4	2	5	2626.313087313576	516.6547691911438
China, Hubei	4	3	5	2721.3293139229804	173.24712902136704
China, Hubei	4	4	5	2733.63238538118	286.1427901239609
China, Hubei	4	5	5	2698.234850461473	1471.5360251296584
China, Hubei	5	1	5	2405.6299331745095	586.7689693068045
China, Hubei	5	2	5	2690.9048489545794	391.30197271652173
China, Hubei	5	3	5	2706.803781587398	655.4769330693263
China, Hubei	5	4	5	2651.366434027536	1021.3219956740658
China, Hubei	5	5	5	2429.742134101093	1204.7891678863969
US, New York	1	1	5	472.1640706317537	21517.666020473593
US, New York	1	2	5	670.5933578716416	32882.83914223528
US, New York	1	3	5	969.7744976167614	51641.45488614606
US, New York	1	4	5	1981.5900816224607	6297.320420046873
US, New York	1	5	5	1870.1807575633238	50596.894365124084
US, New York	2	1	5	548.609428293853	15008.295814671024
US, New York	2	2	5	875.6520008676547	31330.93030909084
US, New York	2	3	5	940.1428352790174	80072.7065049784
US, New York	2	4	5	853.517333412005	167324.367691033
US, New York	2	5	5	1383.4540713634315	136966.85936798976
US, New York	3	1	5	551.2911043459939	25240.534351919898
US, New York	3	2	5	764.344487830033	46149.920412631596
US, New York	3	3	5	884.9092525526378	112384.54791898401
US, New York	3	4	5	738.5599979604243	169188.31430995592
US, New York	3	5	5	893.3051346869497	213814.76182394792
US, New York	4	1	5	620.6167896141592	18759.782910649552
US, New York	4	2	5	804.8363088284635	66987.02359323147
US, New York	4	3	5	893.3966248423767	120948.13303889599
US, New York	4	4	5	712.9894591643125	208771.97944903965
US, New York	4	5	5	604.5007122038523	260880.67355248163
US, New York	5	1	5	542.1569662100724	25252.48727065248
US, New York	5	2	5	767.5226572303937	124867.36058667331
US, New York	5	3	5	874.0712279919356	108347.1110906444
US, New York	5	4	5	769.1325351530918	180998.47756855015
US, New York	5	5	5	1019.5728139052901	243340.37456275328
